-3.449617
-2.113745
0.874119
1.118859
-1.399921
-3.429222
-2.225918
0.792539
1.169847
-1.308144
-3.398629
-2.338090
0.700762
1.220834
-1.185774
-3.368037
-2.450263
0.608985
1.271822
-1.073601
-3.327247
-2.542040
0.507010
1.302414
-0.951232
-3.286457
-2.644015
0.405035
1.333006
-0.839059
-3.245667
-2.745990
0.292862
1.363599
-0.737084
-3.184482
-2.827570
0.180690
1.383994
-0.624912
-3.133495
-2.919347
0.068518
1.414586
-0.502542
-3.062112
-2.990730
-0.043655
1.424784
-0.420962
-3.000927
-3.062112
-0.155827
1.424784
-0.308790
-2.939742
-3.123297
-0.257802
1.434981
-0.237407
-2.888755
-3.184482
-0.359777
1.434981
-0.135432
-2.807175
-3.235469
-0.482147
1.434981
-0.023260
-2.725595
-3.296654
-0.604517
1.434981
0.068518
-2.644015
-3.337444
-0.737084
1.424784
0.180690
-2.562435
-3.378234
-0.849257
1.414586
0.272467
-2.470658
-3.408827
-0.992021
1.383994
0.384640
-2.378880
-3.439419
-1.114391
1.363599
0.476417
-2.276905
-3.459814
-1.236761
1.333006
0.557997
-2.195325
-3.470012
-1.338736
1.292217
0.629380
-2.093350
-3.480209
-1.471304
1.251427
0.710960
-2.001573
-3.480209
-1.563081
1.210637
0.772144
-1.940388
-3.490407
-1.644661
1.159649
0.843527
-1.828216
-3.480209
-1.756833
1.108662
0.904712
-1.746636
-3.480209
-1.858808
1.047477
0.965897
-1.644661
-3.470012
-1.970981
0.986292
1.037279
-1.552883
-3.449617
-2.083153
0.894514
1.098464
-1.440711
-3.439419
-2.205523
0.823132
1.159649
-1.328539
-3.408827
-2.317695
0.731355
1.210637
-1.216366
-3.378234
-2.419670
0.629380
1.251427
-1.104194
-3.347642
-2.521645
0.537602
1.292217
-0.992021
-3.296654
-2.613423
0.425430
1.333006
-0.869652
-3.255864
-2.725595
0.313257
1.353401
-0.777874
-3.204877
-2.796977
0.211282
1.383994
-0.655504
-3.143692
-2.898952
0.099110
1.404389
-0.543332
-3.082507
-2.970335
-0.033457
1.414586
-0.420962
-3.011125
-3.062112
-0.135432
1.424784
-0.329185
-2.949940
-3.123297
-0.268000
1.434981
-0.217012
-2.878557
-3.194680
-0.380172
1.434981
-0.104840
-2.786780
-3.255864
-0.512739
1.434981
0.007333
-2.705200
-3.306852
-0.635109
1.424784
0.109308
-2.623620
-3.347642
-0.767677
1.424784
0.211282
-2.542040
-3.388432
-0.869652
1.404389
0.303060
-2.450263
-3.419024
-1.012416
1.373796
0.405035
-2.358485
-3.449617
-1.134786
1.353401
0.496812
-2.256510
-3.459814
-1.267354
1.322809
0.588590
-2.154535
-3.480209
-1.399921
1.282019
0.670170
-2.042363
-3.490407
-1.512094
1.231032
0.751749
-1.960783
-3.490407
-1.634463
1.169847
0.833329
-1.848611
-3.490407
-1.767031
1.108662
0.914909
-1.736438
-3.480209
-1.889401
1.027082
0.986292
-1.624266
-3.470012
-2.011771
0.955699
1.047477
-1.522291
-3.449617
-2.113745
0.874119
1.108662
-1.399921
-3.429222
-2.225918
0.792539
1.169847
-1.297946
-3.398629
-2.338090
0.690565
1.220834
-1.175576
-3.368037
-2.450263
0.598787
1.271822
-1.073601
-3.327247
-2.552238
0.496812
1.302414
-0.961429
-3.296654
-2.644015
0.394837
1.343204
-0.849257
-3.245667
-2.735792
0.282665
1.363599
-0.737084
-3.184482
-2.837767
0.180690
1.394191
-0.624912
-3.123297
-2.929545
0.048123
1.404389
-0.512739
-3.062112
-3.000927
-0.053852
1.424784
-0.410764
-2.990730
-3.082507
-0.186420
1.424784
-0.298592
-2.929545
-3.143692
-0.298592
1.434981
-0.206815
-2.858162
-3.194680
-0.400567
1.434981
-0.125235
-2.807175
-3.245667
-0.492344
1.434981
-0.013062
-2.725595
-3.296654
-0.604517
1.434981
0.068518
-2.654212
-3.337444
-0.716689
1.414586
0.160295
-2.572633
-3.368037
-0.839059
1.414586
0.262270
-2.480855
-3.408827
-0.961429
1.394191
0.354047
-2.399275
-3.439419
-1.083799
1.363599
0.445825
-2.297300
-3.459814
-1.195971
1.322809
0.517207
-2.236115
-3.480209
-1.308144
1.292217
0.598787
-2.134140
-3.490407
-1.430514
1.261624
0.680367
-2.052561
-3.490407
-1.532488
1.220834
0.751749
-1.940388
-3.500604
-1.644661
1.169847
0.823132
-1.858808
-3.490407
-1.746636
1.118859
0.894514
-1.767031
-3.480209
-1.858808
1.047477
0.955699
-1.654858
-3.480209
-1.981178
0.976094
1.016884
-1.573278
-3.459814
-2.062758
0.914909
1.078069
-1.481501
-3.439419
-2.164733
0.833329
1.129057
-1.369329
-3.429222
-2.276905
0.761947
1.169847
-1.287749
-3.398629
-2.368683
0.670170
1.220834
-1.165379
-3.368037
-2.480855
0.568195
1.271822
-1.053206
-3.327247
-2.572633
0.466220
1.302414
-0.930837
-3.276259
-2.674607
0.374442
1.343204
-0.828862
-3.235469
-2.766385
0.252072
1.363599
-0.706492
-3.174285
-2.858162
0.139900
1.394191
-0.604517
-3.113100
-2.949940
0.017530
1.404389
-0.492344
-3.062112
-3.031520
-0.094642
1.414586
-0.380172
-2.980532
-3.113100
-0.217012
1.424784
-0.268000
-2.919347
-3.174285
-0.339382
1.434981
-0.166025
-2.837767
-3.235469
-0.461752
1.434981
-0.064050
-2.745990
-3.286457
-0.584122
1.424784
0.048123
-2.664410
-3.337444
-0.706492
1.414586
0.150098
-2.582830
-3.378234
-0.828862
1.414586
0.252072
-2.501250
-3.419024
-0.961429
1.383994
0.343850
-2.399275
-3.439419
-1.093996
1.363599
0.445825
-2.307498
-3.459814
-1.216366
1.333006
0.537602
-2.205523
-3.480209
-1.348934
1.292217
0.629380
-2.113745
-3.490407
-1.471304
1.251427
0.710960
-2.011771
-3.500604
-1.583476
1.200439
0.802737
-1.899598
-3.500604
-1.716043
1.129057
0.874119
-1.787426
-3.480209
-1.838413
1.067872
0.945502
-1.685451
-3.480209
-1.960783
0.986292
1.016884
-1.573278
-3.459814
-2.072956
0.904712
1.078069
-1.461106
-3.439419
-2.174930
0.833329
1.129057
-1.369329
-3.419024
-2.276905
0.751749
1.180044
-1.267354
-3.398629
-2.378880
0.670170
1.220834
-1.185774
-3.368037
-2.460460
0.588590
1.261624
-1.073601
-3.337444
-2.552238
0.507010
1.292217
-0.981824
-3.296654
-2.644015
0.394837
1.322809
-0.869652
-3.255864
-2.725595
0.313257
1.353401
-0.798269
-3.215075
-2.796977
0.221480
1.373796
-0.675899
-3.164087
-2.878557
0.119505
1.394191
-0.584122
-3.102902
-2.960137
-0.013062
1.414586
-0.461752
-3.031520
-3.051915
-0.115037
1.414586
-0.349580
-2.960137
-3.113100
-0.247605
1.424784
-0.257802
-2.909150
-3.164087
-0.339382
1.434981
-0.176222
-2.847965
-3.215075
-0.431159
1.434981
-0.084445
-2.776582
-3.276259
-0.543332
1.424784
0.017530
-2.695002
-3.327247
-0.665702
1.424784
0.139900
-2.613423
-3.368037
-0.808467
1.414586
0.221480
-2.511448
-3.408827
-0.930837
1.394191
0.313257
-2.429868
-3.439419
-1.043009
1.373796
0.394837
-2.338090
-3.449617
-1.155181
1.353401
0.476417
-2.287103
-3.470012
-1.236761
1.322809
0.568195
-2.174930
-3.480209
-1.369329
1.282019
0.639577
-2.072956
-3.490407
-1.491699
1.241229
0.710960
-2.001573
-3.500604
-1.573278
1.200439
0.782342
-1.909796
-3.500604
-1.695648
1.149452
0.843527
-1.828216
-3.490407
-1.787426
1.088267
0.904712
-1.726241
-3.480209
-1.889401
1.037279
0.965897
-1.665056
-3.480209
-1.970981
0.976094
1.027082
-1.552883
-3.459814
-2.103548
0.894514
1.098464
-1.450909
-3.439419
-2.205523
0.812934
1.149452
-1.328539
-3.408827
-2.317695
0.721157
1.210637
-1.226564
-3.378234
-2.419670
0.619182
1.251427
-1.104194
-3.347642
-2.521645
0.517207
1.292217
-0.992021
-3.306852
-2.623620
0.425430
1.322809
-0.879849
-3.255864
-2.725595
0.303060
1.353401
-0.767677
-3.204877
-2.817372
0.201085
1.373796
-0.665702
-3.153890
-2.888755
0.099110
1.394191
-0.573924
-3.102902
-2.960137
0.007333
1.414586
-0.471949
-3.041717
-3.031520
-0.094642
1.414586
-0.390369
-2.990730
-3.082507
-0.196617
1.424784
-0.288395
-2.929545
-3.153890
-0.298592
1.434981
-0.217012
-2.868360
-3.194680
-0.400567
1.434981
-0.104840
-2.796977
-3.266062
-0.512739
1.434981
-0.013062
-2.715397
-3.306852
-0.645307
1.424784
0.099110
-2.623620
-3.357839
-0.767677
1.414586
0.201085
-2.531843
-3.398629
-0.910442
1.404389
0.303060
-2.460460
-3.429222
-1.022614
1.373796
0.394837
-2.358485
-3.449617
-1.155181
1.353401
0.486615
-2.256510
-3.470012
-1.277551
1.312611
0.578392
-2.154535
-3.480209
-1.399921
1.271822
0.670170
-2.052561
-3.490407
-1.522291
1.220834
0.751749
-1.960783
-3.490407
-1.644661
1.159649
0.833329
-1.848611
-3.490407
-1.767031
1.098464
0.904712
-1.736438
-3.480209
-1.899598
1.037279
0.976094
-1.634463
-3.470012
-2.001573
0.955699
1.027082
-1.542686
-3.459814
-2.103548
0.884317
1.088267
-1.450909
-3.439419
-2.195325
0.812934
1.139254
-1.348934
-3.419024
-2.287103
0.741552
1.180044
-1.277551
-3.398629
-2.378880
0.680367
1.231032
-1.165379
-3.357839
-2.470658
0.568195
1.261624
-1.073601
-3.337444
-2.552238
0.496812
1.292217
-0.971626
-3.286457
-2.633818
0.394837
1.322809
-0.879849
-3.255864
-2.715397
0.323455
1.353401
-0.788072
-3.204877
-2.807175
0.201085
1.373796
-0.675899
-3.164087
-2.878557
0.109308
1.394191
-0.584122
-3.102902
-2.960137
0.007333
1.414586
-0.461752
-3.041717
-3.041717
-0.115037
1.424784
-0.359777
-2.970335
-3.113100
-0.247605
1.424784
-0.247605
-2.898952
-3.184482
-0.359777
1.434981
-0.135432
-2.807175
-3.245667
-0.502542
1.434981
-0.033457
-2.735792
-3.296654
-0.604517
1.424784
0.068518
-2.644015
-3.347642
-0.737084
1.414586
0.180690
-2.562435
-3.388432
-0.849257
1.404389
0.272467
-2.470658
-3.408827
-0.981824
1.383994
0.354047
-2.389078
-3.439419
-1.073601
1.363599
0.415232
-2.338090
-3.459814
-1.175576
1.343204
0.517207
-2.236115
-3.470012
-1.297946
1.302414
0.598787
-2.134140
-3.490407
-1.430514
1.261624
0.690565
-2.032166
-3.490407
-1.552883
1.210637
0.761947
-1.930191
-3.490407
-1.685451
1.159649
0.853724
-1.828216
-3.490407
-1.787426
1.088267
0.925107
-1.726241
-3.480209
-1.909796
1.027082
0.986292
-1.644661
-3.470012
-1.991376
0.965897
1.027082
-1.552883
-3.459814
-2.093350
0.894514
1.088267
-1.440711
-3.439419
-2.205523
0.802737
1.149452
-1.338736
-3.408827
-2.307498
0.721157
1.200439
-1.226564
-3.388432
-2.429868
0.629380
1.251427
-1.104194
-3.347642
-2.531843
0.517207
1.292217
-0.992021
-3.306852
-2.623620
0.415232
1.322809
-0.890047
-3.266062
-2.715397
0.303060
1.353401
-0.767677
-3.204877
-2.807175
0.201085
1.373796
-0.655504
-3.153890
-2.909150
0.088913
1.394191
-0.553529
-3.082507
-2.990730
-0.033457
1.414586
-0.431159
-3.031520
-3.051915
-0.155827
1.424784
-0.318987
-2.949940
-3.133495
-0.257802
1.424784
-0.227210
-2.868360
-3.194680
-0.390369
1.434981
-0.115037
-2.796977
-3.266062
