1.863276
1.863276
1.853079
-3.673962
-3.673962
1.863276
1.863276
1.863276
-3.684159
-3.673962
1.863276
1.863276
1.853079
-3.673962
-3.673962
1.863276
1.863276
1.863276
-3.673962
-3.663764
1.863276
1.863276
1.853079
-3.673962
-3.673962
1.863276
1.863276
1.863276
-3.673962
-3.673962
1.863276
1.863276
1.863276
-3.673962
-3.673962
1.863276
1.863276
1.863276
-3.673962
-3.663764
1.863276
1.863276
1.853079
-3.673962
-3.663764
1.863276
1.863276
1.863276
-3.673962
-3.673962
1.822486
1.863276
1.863276
-3.684159
-3.673962
1.740906
1.863276
1.853079
-3.673962
-3.663764
0.496812
1.863276
1.863276
-3.684159
-3.663764
-3.439419
1.863276
1.863276
-3.673962
-3.673962
-3.571987
1.863276
1.863276
-3.673962
-3.673962
-3.602579
1.863276
1.863276
-3.673962
-3.663764
-3.622974
1.863276
1.853079
-3.673962
-3.673962
-3.633172
1.863276
1.853079
-3.673962
-3.663764
-3.633172
1.863276
1.863276
-3.673962
-3.673962
-3.643369
1.863276
1.863276
-3.673962
-3.673962
-3.643369
1.863276
1.853079
-3.673962
-3.673962
-3.653567
1.863276
1.853079
-3.673962
-3.673962
-3.653567
1.863276
1.863276
-3.673962
-3.673962
-3.663764
1.863276
1.863276
-3.673962
-3.673962
-3.653567
1.863276
1.863276
-3.684159
-3.673962
-3.663764
1.863276
1.863276
-3.673962
-3.673962
-3.663764
1.863276
1.863276
-3.673962
-3.673962
-3.663764
1.863276
1.863276
-3.673962
-3.673962
-3.663764
1.863276
1.863276
-3.673962
-3.663764
-3.663764
1.863276
1.863276
-3.673962
-3.663764
-3.663764
1.863276
1.863276
-3.673962
-3.663764
-3.663764
1.863276
1.863276
-3.673962
-3.673962
-3.663764
1.863276
1.863276
-3.684159
-3.673962
-3.663764
1.863276
1.863276
-3.673962
-3.663764
-3.663764
1.863276
1.863276
-3.673962
-3.673962
-3.663764
1.863276
1.863276
-3.684159
-3.663764
-3.663764
1.863276
1.863276
-3.673962
-3.673962
-3.663764
1.863276
1.863276
-3.673962
-3.673962
-3.663764
1.863276
1.863276
-3.684159
-3.663764
-3.663764
1.863276
1.863276
-3.673962
-3.663764
-3.663764
1.863276
1.863276
-3.684159
-3.673962
-3.663764
1.863276
1.853079
-3.673962
-3.673962
-3.663764
1.863276
1.863276
-3.684159
-3.673962
-3.663764
1.863276
1.863276
-3.684159
-3.673962
-3.673962
1.863276
1.863276
-3.684159
-3.673962
-3.663764
1.863276
1.853079
-3.684159
-3.673962
-3.663764
1.863276
1.863276
-3.673962
-3.673962
-3.663764
1.863276
1.853079
-3.673962
-3.673962
-3.663764
1.863276
1.863276
-3.684159
-3.673962
-3.663764
1.863276
1.863276
-3.684159
-3.673962
-3.663764
1.863276
1.863276
-3.673962
-3.673962
-3.663764
1.863276
1.863276
-3.684159
-3.663764
-3.663764
1.863276
1.863276
-3.673962
-3.673962
-3.663764
1.863276
1.863276
-3.673962
-3.673962
-3.663764
1.863276
1.863276
-3.673962
-3.663764
-3.663764
1.863276
1.853079
-3.673962
-3.673962
-3.663764
1.842881
1.842881
-3.694357
-3.684159
-3.684159
1.842881
1.842881
-3.694357
-3.684159
-3.684159
1.842881
1.842881
-3.694357
-3.684159
-3.684159
1.842881
1.842881
-3.694357
-3.684159
-3.684159
1.842881
1.842881
-3.694357
-3.684159
-3.684159
1.853079
1.842881
-3.694357
-3.684159
-3.684159
1.853079
1.842881
-3.684159
-3.684159
-3.684159
1.842881
1.842881
-3.694357
-3.684159
-3.684159
1.853079
1.842881
-3.684159
-3.684159
-3.684159
1.853079
1.842881
-3.684159
-3.684159
-3.684159
1.853079
1.842881
-3.684159
-3.684159
-3.684159
1.853079
1.842881
-3.684159
-3.684159
-3.684159
1.842881
1.842881
-3.684159
-3.684159
-3.684159
1.853079
1.842881
-3.684159
-3.684159
-3.684159
1.853079
1.842881
-3.673962
-3.684159
-3.684159
1.853079
1.842881
-3.602579
-3.684159
-3.684159
1.853079
1.842881
-3.368037
-3.684159
-3.684159
1.853079
1.842881
-2.215720
-3.684159
-3.684159
1.842881
1.842881
1.720511
-3.684159
-3.684159
1.853079
1.842881
1.761301
-3.684159
-3.684159
1.853079
1.853079
1.791894
-3.673962
-3.673962
1.853079
1.853079
1.812289
-3.673962
-3.673962
1.853079
1.853079
1.822486
-3.684159
-3.673962
1.863276
1.853079
1.832684
-3.684159
-3.673962
1.863276
1.853079
1.832684
-3.673962
-3.673962
1.863276
1.853079
1.842881
-3.673962
-3.673962
1.863276
1.853079
1.842881
-3.673962
-3.673962
1.853079
1.853079
1.842881
-3.673962
-3.673962
1.863276
1.853079
1.842881
-3.673962
-3.673962
1.853079
1.853079
1.842881
-3.684159
-3.673962
1.863276
1.853079
1.842881
-3.673962
-3.673962
1.863276
1.863276
1.853079
-3.673962
-3.673962
1.863276
1.853079
1.853079
-3.673962
-3.673962
1.853079
1.853079
1.853079
-3.673962
-3.673962
1.863276
1.853079
1.853079
-3.684159
-3.673962
1.863276
1.853079
1.842881
-3.684159
-3.673962
1.863276
1.853079
1.842881
-3.673962
-3.673962
1.853079
1.853079
1.853079
-3.673962
-3.673962
1.853079
1.853079
1.853079
-3.673962
-3.673962
1.863276
1.853079
1.853079
-3.673962
-3.673962
1.863276
1.853079
1.853079
-3.673962
-3.673962
1.863276
1.853079
1.853079
-3.684159
-3.673962
1.863276
1.853079
1.853079
-3.673962
-3.673962
1.863276
1.853079
1.853079
-3.673962
-3.673962
1.863276
1.853079
1.853079
-3.684159
-3.673962
1.863276
1.853079
1.842881
-3.673962
-3.673962
1.863276
1.853079
1.853079
-3.684159
-3.673962
1.853079
1.853079
1.853079
-3.684159
-3.673962
1.863276
1.853079
1.853079
-3.673962
-3.673962
1.863276
1.853079
1.853079
-3.684159
-3.673962
1.863276
1.853079
1.853079
-3.673962
-3.673962
1.863276
1.853079
1.853079
-3.673962
-3.673962
1.863276
1.853079
1.853079
-3.673962
-3.673962
1.863276
1.853079
1.853079
-3.684159
-3.673962
1.863276
1.853079
1.853079
-3.673962
-3.673962
1.863276
1.853079
1.853079
-3.673962
-3.673962
1.863276
1.853079
1.853079
-3.684159
-3.673962
1.863276
1.853079
1.853079
-3.684159
-3.673962
1.863276
1.853079
1.853079
-3.673962
-3.673962
1.863276
1.853079
1.853079
-3.673962
-3.673962
1.863276
1.853079
1.853079
-3.684159
-3.673962
1.863276
1.853079
1.853079
-3.673962
-3.673962
1.863276
1.853079
1.853079
-3.673962
-3.673962
1.863276
1.853079
1.853079
-3.673962
-3.673962
1.863276
1.853079
1.853079
-3.684159
-3.673962
1.863276
1.863276
1.853079
-3.684159
-3.673962
1.863276
1.853079
1.853079
-3.673962
-3.673962
1.863276
1.863276
1.853079
-3.684159
-3.673962
1.863276
1.853079
1.853079
-3.684159
-3.673962
1.863276
1.853079
1.853079
-3.673962
-3.673962
1.863276
1.853079
1.853079
-3.684159
-3.673962
1.863276
1.853079
1.853079
-3.673962
-3.673962
1.863276
1.853079
1.853079
-3.684159
-3.673962
1.863276
1.853079
1.853079
-3.684159
-3.673962
1.863276
1.853079
1.853079
-3.684159
-3.673962
1.863276
1.863276
1.853079
-3.684159
-3.673962
1.863276
1.853079
1.863276
-3.673962
-3.663764
1.863276
1.863276
1.863276
-3.673962
-3.673962
1.863276
1.863276
1.863276
-3.673962
-3.673962
1.863276
1.863276
1.863276
-3.673962
-3.663764
1.863276
1.863276
1.863276
-3.673962
-3.663764
1.863276
1.863276
1.863276
-3.673962
-3.663764
1.863276
1.863276
1.863276
-3.673962
-3.663764
1.863276
1.863276
1.863276
-3.673962
-3.663764
1.863276
1.863276
1.863276
-3.673962
-3.673962
1.863276
1.863276
1.863276
-3.673962
-3.673962
1.863276
1.863276
1.863276
-3.673962
-3.663764
1.863276
1.863276
1.853079
-3.673962
-3.663764
1.863276
1.863276
1.863276
-3.673962
-3.673962
1.863276
1.863276
1.863276
-3.673962
-3.663764
1.863276
1.863276
1.863276
-3.673962
-3.663764
1.863276
1.863276
1.863276
-3.673962
-3.663764
1.863276
1.863276
1.863276
-3.673962
-3.663764
1.873474
1.863276
1.863276
-3.673962
-3.663764
1.863276
1.863276
1.863276
-3.673962
-3.663764
1.873474
1.863276
1.863276
-3.673962
-3.663764
1.873474
1.863276
1.863276
-3.673962
-3.673962
1.873474
1.863276
1.863276
-3.673962
-3.673962
1.863276
1.863276
1.863276
-3.673962
-3.663764
1.873474
1.863276
1.863276
-3.673962
-3.663764
1.863276
1.863276
1.863276
-3.673962
-3.673962
1.873474
1.863276
1.863276
-3.673962
-3.663764
1.863276
1.863276
1.863276
-3.673962
-3.673962
1.863276
1.863276
1.863276
-3.673962
-3.673962
1.863276
1.863276
1.863276
-3.673962
-3.663764
1.863276
1.863276
1.863276
-3.673962
-3.663764
1.863276
1.863276
1.863276
-3.673962
-3.663764
1.863276
1.863276
1.853079
-3.673962
-3.673962
1.863276
1.863276
1.863276
-3.673962
-3.663764
1.863276
1.863276
1.863276
-3.673962
-3.663764
1.863276
1.863276
1.863276
-3.673962
-3.663764
1.863276
1.863276
1.863276
-3.673962
-3.673962
1.863276
1.863276
1.853079
-3.673962
-3.663764
1.863276
1.863276
1.853079
-3.673962
-3.673962
1.863276
1.863276
1.863276
-3.673962
-3.663764
1.863276
1.863276
1.863276
-3.673962
-3.663764
1.863276
1.863276
1.863276
-3.673962
-3.663764
1.863276
1.863276
1.853079
-3.673962
-3.663764
1.863276
1.863276
1.863276
-3.673962
-3.663764
1.863276
1.863276
1.863276
-3.673962
-3.673962
1.863276
1.863276
1.853079
-3.684159
-3.673962
1.863276
1.863276
1.863276
-3.673962
-3.663764
1.863276
1.863276
1.853079
-3.673962
-3.663764
1.842881
1.863276
1.863276
-3.673962
-3.663764
1.832684
1.863276
1.863276
-3.673962
-3.663764
1.710314
1.863276
1.863276
-3.673962
-3.663764
0.068518
1.863276
1.863276
-3.673962
-3.663764
-3.531197
1.863276
1.863276
-3.673962
-3.663764
-3.602579
1.863276
1.853079
-3.673962
-3.663764
-3.622974
1.863276
1.863276
-3.673962
-3.663764
-3.643369
1.863276
1.863276
-3.673962
-3.673962
-3.643369
1.863276
1.863276
-3.673962
-3.663764
-3.653567
1.863276
1.863276
-3.673962
-3.663764
-3.653567
1.863276
1.863276
-3.673962
-3.663764
-3.653567
1.863276
1.863276
-3.673962
-3.663764
-3.663764
1.863276
1.863276
-3.673962
-3.673962
-3.663764
1.863276
1.863276
-3.673962
-3.673962
-3.663764
1.863276
1.863276
-3.673962
-3.673962
-3.653567
1.863276
1.863276
-3.673962
-3.663764
-3.663764
1.863276
1.863276
-3.673962
-3.663764
-3.663764
1.863276
1.863276
-3.673962
-3.663764
-3.663764
1.863276
1.863276
-3.673962
-3.663764
-3.663764
1.863276
1.863276
-3.673962
-3.673962
-3.663764
1.863276
1.863276
-3.673962
-3.673962
-3.663764
1.863276
1.863276
-3.684159
-3.663764
-3.653567
1.863276
1.863276
-3.673962
-3.663764
-3.663764
1.863276
1.863276
-3.673962
-3.673962
-3.663764
1.863276
1.863276
-3.673962
-3.663764
-3.663764
1.863276
1.863276
