-3.133495
-3.745344
-0.278197
1.832684
1.873474
-3.082507
-3.745344
-0.441357
1.822486
1.873474
-3.021322
-3.745344
-0.614714
1.822486
1.873474
-2.960137
-3.745344
-0.798269
1.812289
1.873474
-2.878557
-3.745344
-1.012416
1.802091
1.873474
-2.827570
-3.735147
-1.114391
1.802091
1.873474
-2.735792
-3.735147
-1.359131
1.791894
1.873474
-2.623620
-3.735147
-1.634463
1.781696
1.873474
-2.531843
-3.735147
-1.828216
1.761301
1.873474
-2.440065
-3.735147
-2.052561
1.751104
1.873474
-2.307498
-3.735147
-2.287103
1.740906
1.873474
-2.205523
-3.724949
-2.480855
1.730709
1.873474
-2.093350
-3.724949
-2.684805
1.710314
1.873474
-1.950586
-3.714752
-2.888755
1.700116
1.873474
-1.838413
-3.714752
-3.072310
1.679721
1.873474
-1.665056
-3.714752
-3.286457
1.669524
1.873474
-1.522291
-3.704554
-3.449617
1.649129
1.873474
-1.338736
-3.694357
-3.592382
1.618536
1.873474
-1.165379
-3.694357
-3.694357
1.598141
1.873474
-0.951232
-3.684159
-3.755542
1.577746
1.873474
-0.798269
-3.684159
-3.755542
1.536956
1.863276
-0.563727
-3.673962
-3.755542
1.496166
1.873474
-0.298592
-3.663764
-3.765739
1.465574
1.863276
-0.094642
-3.653567
-3.755542
1.424784
1.863276
0.109308
-3.643369
-3.765739
1.373796
1.863276
0.313257
-3.633172
-3.765739
1.333006
1.863276
0.557997
-3.612777
-3.755542
1.292217
1.863276
0.782342
-3.602579
-3.755542
1.220834
1.863276
1.037279
-3.582184
-3.755542
1.169847
1.863276
1.200439
-3.571987
-3.755542
1.118859
1.863276
1.394191
-3.551592
-3.755542
1.037279
1.863276
1.598141
-3.531197
-3.765739
0.955699
1.863276
1.710314
-3.500604
-3.755542
0.884317
1.863276
1.812289
-3.480209
-3.755542
0.812934
1.853079
1.853079
-3.459814
-3.755542
0.721157
1.853079
1.873474
-3.439419
-3.755542
0.649775
1.853079
1.873474
-3.398629
-3.755542
0.537602
1.853079
1.873474
-3.368037
-3.755542
0.425430
1.842881
1.873474
-3.327247
-3.755542
0.292862
1.842881
1.873474
-3.286457
-3.755542
0.170493
1.842881
1.873474
-3.245667
-3.755542
0.037925
1.832684
1.873474
-3.204877
-3.755542
-0.094642
1.832684
1.873474
-3.153890
-3.755542
-0.237407
1.822486
1.873474
-3.102902
-3.755542
-0.400567
1.822486
1.873474
-3.051915
-3.745344
-0.522937
1.812289
1.873474
-2.980532
-3.745344
-0.737084
1.812289
1.873474
-2.909150
-3.745344
-0.930837
1.802091
1.873474
-2.807175
-3.745344
-1.185774
1.791894
1.873474
-2.725595
-3.745344
-1.379526
1.781696
1.873474
-2.654212
-3.745344
-1.573278
1.771499
1.873474
-2.542040
-3.735147
-1.818018
1.771499
1.873474
-2.440065
-3.735147
-2.032166
1.751104
1.873474
-2.317695
-3.735147
-2.297300
1.740906
1.873474
-2.185128
-3.724949
-2.511448
1.730709
1.873474
-2.032166
-3.724949
-2.786780
1.700116
1.863276
-1.899598
-3.714752
-2.990730
1.689919
1.873474
-1.736438
-3.714752
-3.164087
1.679721
1.873474
-1.654858
-3.714752
-3.286457
1.659326
1.873474
-1.481501
-3.704554
-3.480209
1.638931
1.873474
-1.338736
-3.704554
-3.582184
1.618536
1.863276
-1.165379
-3.694357
-3.694357
1.598141
1.873474
-0.992021
-3.684159
-3.745344
1.567549
1.863276
-0.767677
-3.684159
-3.755542
1.536956
1.873474
-0.594319
-3.673962
-3.765739
1.506364
1.863276
-0.359777
-3.663764
-3.765739
1.475771
1.863276
-0.135432
-3.653567
-3.755542
1.424784
1.863276
0.099110
-3.643369
-3.755542
1.383994
1.863276
0.333652
-3.633172
-3.755542
1.343204
1.863276
0.557997
-3.622974
-3.755542
1.292217
1.863276
0.782342
-3.602579
-3.755542
1.231032
1.863276
0.986292
-3.592382
-3.755542
1.190242
1.863276
1.159649
-3.571987
-3.755542
1.129057
1.863276
1.343204
-3.551592
-3.755542
1.047477
1.863276
1.557351
-3.531197
-3.755542
0.976094
1.863276
1.689919
-3.510802
-3.755542
0.884317
1.863276
1.802091
-3.490407
-3.755542
0.812934
1.863276
1.863276
-3.449617
-3.755542
0.690565
1.853079
1.873474
-3.429222
-3.755542
0.608985
1.853079
1.873474
-3.398629
-3.755542
0.517207
1.842881
1.873474
-3.357839
-3.755542
0.405035
1.842881
1.873474
-3.347642
-3.755542
0.313257
1.842881
1.873474
-3.286457
-3.755542
0.201085
1.842881
1.873474
-3.245667
-3.755542
0.027728
1.832684
1.873474
-3.194680
-3.755542
-0.125235
1.822486
1.873474
-3.133495
-3.755542
-0.318987
1.822486
1.873474
-3.082507
-3.755542
-0.451554
1.822486
1.873474
-3.011125
-3.755542
-0.645307
1.812289
1.873474
-2.949940
-3.745344
-0.828862
1.802091
1.873474
-2.858162
-3.745344
-1.063404
1.791894
1.873474
-2.786780
-3.745344
-1.257156
1.781696
1.873474
-2.684805
-3.745344
-1.471304
1.781696
1.873474
-2.623620
-3.735147
-1.685451
1.771499
1.873474
-2.501250
-3.735147
-1.899598
1.761301
1.873474
-2.389078
-3.735147
-2.144338
1.751104
1.873474
-2.297300
-3.735147
-2.327893
1.740906
1.873474
-2.154535
-3.724949
-2.593028
1.720511
1.873474
-2.032166
-3.724949
-2.776582
1.710314
1.873474
-1.889401
-3.724949
-3.000927
1.689919
1.873474
-1.746636
-3.714752
-3.194680
1.669524
1.873474
-1.563081
-3.704554
-3.419024
1.649129
1.873474
-1.389724
-3.704554
-3.561789
1.618536
1.873474
-1.185774
-3.694357
-3.684159
1.598141
1.863276
-1.002219
-3.684159
-3.745344
1.567549
1.863276
-0.798269
-3.684159
-3.755542
1.547154
1.873474
-0.635109
-3.684159
-3.765739
1.516561
1.873474
-0.410764
-3.673962
-3.755542
1.485969
1.873474
-0.227210
-3.653567
-3.755542
1.445179
1.863276
0.048123
-3.643369
-3.755542
1.394191
1.863276
0.282665
-3.633172
-3.755542
1.343204
1.863276
0.537602
-3.612777
-3.765739
1.292217
1.863276
0.741552
-3.602579
-3.755542
1.251427
1.863276
0.965897
-3.592382
-3.755542
1.190242
1.863276
1.129057
-3.582184
-3.755542
1.139254
1.863276
1.292217
-3.561789
-3.765739
1.067872
1.863276
1.516561
-3.531197
-3.765739
0.986292
1.863276
1.679721
-3.510802
-3.755542
0.894514
1.853079
1.802091
-3.480209
-3.755542
0.802737
1.853079
1.863276
-3.449617
-3.755542
0.710960
1.853079
1.873474
-3.429222
-3.755542
0.619182
1.853079
1.873474
-3.398629
-3.755542
0.537602
1.853079
1.873474
-3.368037
-3.755542
0.435627
1.842881
1.873474
-3.337444
-3.755542
0.313257
1.842881
1.873474
-3.286457
-3.755542
0.170493
1.842881
1.873474
-3.245667
-3.755542
0.048123
1.832684
1.873474
-3.204877
-3.755542
-0.104840
1.832684
1.873474
-3.153890
-3.755542
-0.247605
1.822486
1.873474
-3.082507
-3.745344
-0.441357
1.822486
1.873474
-3.031520
-3.745344
-0.604517
1.812289
1.873474
-2.970335
-3.745344
-0.767677
1.812289
1.873474
-2.888755
-3.745344
-0.981824
1.802091
1.873474
-2.807175
-3.745344
-1.165379
1.791894
1.873474
-2.725595
-3.735147
-1.399921
1.791894
1.873474
-2.633818
-3.735147
-1.614068
1.781696
1.873474
-2.511448
-3.735147
-1.848611
1.761301
1.873474
-2.409473
-3.735147
-2.083153
1.761301
1.873474
-2.317695
-3.724949
-2.276905
1.740906
1.873474
-2.215720
-3.724949
-2.480855
1.730709
1.873474
-2.062758
-3.724949
-2.725595
1.710314
1.873474
-1.919993
-3.724949
-2.919347
1.700116
1.873474
-1.818018
-3.714752
-3.113100
1.679721
1.873474
-1.634463
-3.714752
-3.327247
1.659326
1.873474
-1.440711
-3.704554
-3.520999
1.628734
1.873474
-1.267354
-3.694357
-3.643369
1.608339
1.873474
-1.083799
-3.694357
-3.724949
1.587944
1.873474
-0.910442
-3.684159
-3.806529
1.557351
1.873474
-0.686097
-3.684159
-3.765739
1.526759
1.873474
-0.502542
-3.673962
-3.755542
1.485969
1.863276
-0.278197
-3.663764
-3.765739
1.455376
1.873474
-0.074247
-3.643369
-3.755542
1.414586
1.863276
0.180690
-3.643369
-3.755542
1.373796
1.873474
0.405035
-3.622974
-3.755542
1.322809
1.863276
0.629380
-3.612777
-3.755542
1.271822
1.863276
0.863922
-3.602579
-3.765739
1.210637
1.863276
1.047477
-3.582184
-3.755542
1.159649
1.863276
1.282019
-3.561789
-3.755542
1.088267
1.863276
1.485969
-3.541394
-3.755542
1.006687
1.863276
1.628734
-3.520999
-3.755542
0.925107
1.863276
1.761301
-3.490407
-3.755542
0.853724
1.853079
1.842881
-3.459814
-3.755542
0.761947
1.853079
1.873474
-3.439419
-3.755542
0.659972
1.853079
1.873474
-3.408827
-3.755542
0.557997
1.853079
1.873474
-3.368037
-3.755542
0.435627
1.842881
1.873474
-3.327247
-3.755542
0.313257
1.842881
1.873474
-3.286457
-3.755542
0.150098
1.842881
1.873474
-3.245667
-3.755542
0.027728
1.842881
1.873474
-3.204877
-3.755542
-0.094642
1.832684
1.873474
-3.143692
-3.755542
-0.268000
1.832684
1.873474
-3.092705
-3.745344
-0.431159
1.822486
1.873474
-3.011125
-3.745344
-0.635109
1.822486
1.873474
-2.949940
-3.745344
-0.798269
1.812289
1.873474
-2.868360
-3.745344
-1.002219
1.802091
1.883671
-2.807175
-3.745344
-1.185774
1.791894
1.873474
-2.705200
-3.735147
-1.440711
1.781696
1.873474
-2.623620
-3.735147
-1.624266
1.771499
1.873474
-2.531843
-3.735147
-1.848611
1.771499
1.873474
-2.429868
-3.735147
-2.052561
1.751104
1.873474
-2.297300
-3.724949
-2.348288
1.740906
1.873474
-2.154535
-3.724949
-2.582830
1.720511
1.873474
-2.032166
-3.724949
-2.766385
1.710314
1.873474
-1.899598
-3.724949
-2.990730
1.689919
1.873474
-1.746636
-3.714752
-3.184482
1.679721
1.873474
-1.583476
-3.704554
-3.378234
1.659326
1.873474
-1.471304
-3.704554
-3.480209
1.628734
1.873474
-1.257156
-3.694357
-3.622974
1.608339
1.873474
-1.093996
-3.694357
-3.724949
1.587944
1.873474
-0.910442
-3.684159
-3.806529
1.567549
1.873474
-0.726887
-3.663764
-3.745344
1.536956
1.883671
-0.482147
-3.663764
-3.745344
1.516561
1.883671
-0.247605
-3.643369
-3.745344
1.465574
1.883671
-0.033457
-3.643369
-3.755542
1.414586
1.883671
0.221480
-3.622974
-3.745344
1.373796
1.883671
0.476417
-3.612777
-3.755542
1.333006
1.873474
0.670170
-3.602579
-3.745344
1.271822
1.873474
0.914909
-3.582184
-3.745344
1.220834
1.873474
1.108662
-3.571987
-3.745344
1.159649
1.873474
1.333006
-3.541394
-3.745344
1.088267
1.873474
1.475771
-3.531197
-3.745344
1.027082
1.863276
1.628734
-3.510802
-3.755542
0.955699
1.873474
1.751104
-3.480209
-3.745344
0.863922
1.863276
1.853079
-3.459814
-3.745344
0.772144
1.863276
1.893868
-3.419024
-3.745344
0.649775
1.863276
1.883671
-3.388432
-3.745344
0.547800
1.863276
1.883671
-3.357839
-3.745344
0.425430
1.863276
1.883671
-3.327247
-3.735147
0.313257
1.853079
