-0.563727
-3.663764
-3.745344
1.536956
1.883671
-0.584122
-3.663764
-3.745344
1.526759
1.883671
-0.512739
-3.653567
-3.745344
1.526759
1.883671
-0.492344
-3.653567
-3.755542
1.516561
1.883671
-0.451554
-3.663764
-3.755542
1.516561
1.883671
-0.441357
-3.663764
-3.745344
1.506364
1.873474
-0.380172
-3.653567
-3.745344
1.496166
1.883671
-0.359777
-3.653567
-3.745344
1.496166
1.873474
-0.318987
-3.653567
-3.755542
1.496166
1.883671
-0.298592
-3.653567
-3.755542
1.485969
1.873474
-0.227210
-3.643369
-3.745344
1.475771
1.883671
-0.217012
-3.643369
-3.755542
1.465574
1.873474
-0.196617
-3.643369
-3.755542
1.465574
1.873474
-0.135432
-3.643369
-3.745344
1.455376
1.873474
-0.094642
-3.643369
-3.745344
1.445179
1.873474
-0.023260
-3.643369
-3.745344
1.445179
1.883671
0.007333
-3.633172
-3.745344
1.434981
1.873474
0.048123
-3.643369
-3.755542
1.424784
1.873474
0.058320
-3.633172
-3.755542
1.414586
1.873474
0.139900
-3.633172
-3.745344
1.414586
1.883671
0.150098
-3.633172
-3.745344
1.404389
1.873474
0.211282
-3.622974
-3.755542
1.394191
1.873474
0.231677
-3.622974
-3.745344
1.383994
1.873474
0.292862
-3.622974
-3.755542
1.383994
1.873474
0.303060
-3.622974
-3.745344
1.373796
1.883671
0.374442
-3.622974
-3.745344
1.373796
1.873474
0.394837
-3.612777
-3.745344
1.353401
1.883671
0.425430
-3.612777
-3.745344
1.353401
1.873474
0.466220
-3.612777
-3.745344
1.333006
1.873474
0.557997
-3.612777
-3.755542
1.322809
1.873474
0.568195
-3.612777
-3.745344
1.322809
1.873474
0.639577
-3.602579
-3.745344
1.292217
1.873474
0.710960
-3.602579
-3.745344
1.302414
1.873474
0.741552
-3.592382
-3.755542
1.282019
1.873474
0.802737
-3.592382
-3.745344
1.261624
1.873474
0.812934
-3.592382
-3.745344
1.251427
1.873474
0.925107
-3.582184
-3.745344
1.251427
1.873474
0.914909
-3.582184
-3.745344
1.231032
1.873474
0.996489
-3.571987
-3.745344
1.220834
1.873474
1.016884
-3.571987
-3.755542
1.200439
1.873474
1.067872
-3.571987
-3.755542
1.200439
1.873474
1.078069
-3.571987
-3.745344
1.180044
1.863276
1.149452
-3.571987
-3.755542
1.169847
1.873474
1.169847
-3.561789
-3.755542
1.159649
1.873474
1.210637
-3.561789
-3.755542
1.169847
1.873474
1.231032
-3.561789
-3.755542
1.139254
1.873474
1.282019
-3.551592
-3.745344
1.129057
1.873474
1.312611
-3.551592
-3.745344
1.108662
1.873474
1.333006
-3.541394
-3.745344
1.088267
1.873474
1.383994
-3.541394
-3.745344
1.098464
1.873474
1.373796
-3.541394
-3.745344
1.088267
1.873474
1.424784
-3.541394
-3.755542
1.078069
1.873474
1.424784
-3.541394
-3.745344
1.088267
1.873474
1.414586
-3.531197
-3.745344
1.067872
1.863276
1.465574
-3.531197
-3.745344
1.057674
1.873474
1.485969
-3.531197
-3.745344
1.047477
1.873474
1.526759
-3.520999
-3.745344
1.027082
1.873474
1.536956
-3.520999
-3.745344
1.027082
1.873474
1.567549
-3.520999
-3.745344
1.016884
1.873474
1.587944
-3.520999
-3.745344
0.986292
1.863276
1.649129
-3.510802
-3.745344
0.976094
1.873474
1.649129
-3.500604
-3.745344
0.965897
1.863276
1.700116
-3.500604
-3.745344
0.945502
1.863276
1.720511
-3.490407
-3.745344
0.925107
1.863276
1.740906
-3.490407
-3.745344
0.914909
1.873474
1.740906
-3.490407
-3.745344
0.894514
1.863276
1.781696
-3.480209
-3.745344
0.884317
1.863276
1.802091
-3.470012
-3.745344
0.853724
1.873474
1.832684
-3.459814
-3.745344
0.833329
1.863276
1.842881
-3.459814
-3.745344
0.812934
1.863276
1.853079
-3.459814
-3.745344
0.802737
1.863276
1.863276
-3.449617
-3.745344
0.772144
1.863276
1.873474
-3.449617
-3.745344
0.772144
1.863276
1.873474
-3.439419
-3.745344
0.751749
1.863276
1.904066
-3.439419
-3.755542
0.731355
1.863276
1.822486
-3.429222
-3.745344
0.700762
1.863276
1.883671
-3.429222
-3.745344
0.680367
1.863276
1.883671
-3.419024
-3.745344
0.659972
1.863276
1.883671
-3.408827
-3.745344
0.649775
1.863276
1.883671
-3.408827
-3.745344
0.629380
1.863276
1.883671
-3.398629
-3.745344
0.598787
1.863276
1.883671
-3.398629
-3.745344
0.588590
1.863276
1.893868
-3.388432
-3.745344
0.568195
1.863276
1.883671
-3.378234
-3.745344
0.547800
1.863276
1.883671
-3.378234
-3.745344
0.527405
1.853079
1.883671
-3.368037
-3.745344
0.517207
1.863276
1.883671
-3.357839
-3.745344
0.496812
1.863276
1.893868
-3.357839
-3.745344
0.486615
1.863276
1.883671
-3.357839
-3.745344
0.486615
1.863276
1.883671
-3.357839
-3.745344
0.466220
1.863276
1.883671
-3.347642
-3.745344
0.435627
1.853079
1.883671
-3.337444
-3.745344
0.425430
1.853079
1.883671
-3.327247
-3.745344
0.384640
1.853079
1.883671
-3.327247
-3.745344
0.384640
1.863276
1.883671
-3.317049
-3.745344
0.343850
1.853079
1.883671
-3.317049
-3.745344
0.343850
1.853079
1.883671
-3.296654
-3.745344
0.272467
1.853079
1.883671
-3.286457
-3.745344
0.272467
1.853079
1.883671
-3.276259
-3.745344
0.231677
1.853079
1.883671
-3.276259
-3.745344
0.221480
1.853079
1.883671
-3.276259
-3.745344
0.221480
1.853079
1.883671
-3.266062
-3.745344
0.180690
1.853079
1.883671
-3.255864
-3.745344
0.160295
1.853079
1.883671
-3.255864
-3.745344
0.139900
1.853079
1.883671
-3.245667
-3.745344
0.150098
1.853079
1.883671
-3.245667
-3.745344
0.109308
1.842881
1.883671
-3.235469
-3.735147
0.088913
1.853079
1.883671
-3.235469
-3.745344
0.078715
1.842881
1.893868
-3.225272
-3.745344
0.068518
1.853079
1.883671
-3.215075
-3.745344
0.048123
1.842881
1.883671
-3.204877
-3.745344
-0.002865
1.842881
1.883671
-3.184482
-3.745344
-0.043655
1.842881
1.883671
-3.184482
-3.735147
-0.084445
1.842881
1.883671
-3.153890
-3.735147
-0.145630
1.842881
1.883671
-3.143692
-3.735147
-0.135432
1.842881
1.883671
-3.143692
-3.735147
-0.166025
1.842881
1.893868
-3.143692
-3.735147
-0.186420
1.842881
1.883671
-3.123297
-3.735147
-0.227210
1.842881
1.883671
-3.113100
-3.735147
-0.237407
1.832684
1.883671
-3.113100
-3.735147
-0.278197
1.842881
1.883671
-3.102902
-3.745344
-0.308790
1.832684
1.883671
-3.082507
-3.735147
-0.349580
1.832684
1.883671
-3.062112
-3.735147
-0.380172
1.832684
1.893868
-3.051915
-3.735147
-0.420962
1.832684
1.883671
-3.041717
-3.735147
-0.451554
1.832684
1.883671
-3.031520
-3.735147
-0.471949
1.822486
1.883671
-3.021322
-3.735147
-0.482147
1.832684
1.883671
-3.031520
-3.735147
-0.502542
1.832684
1.883671
-3.011125
-3.735147
-0.512739
1.832684
1.883671
-3.000927
-3.735147
-0.584122
1.832684
1.883671
-2.990730
-3.735147
-0.594319
1.822486
1.883671
-2.980532
-3.735147
-0.614714
1.822486
1.883671
-2.970335
-3.735147
-0.655504
1.822486
1.893868
-2.949940
-3.735147
-0.686097
1.822486
1.883671
-2.939742
-3.735147
-0.737084
1.822486
1.893868
-2.939742
-3.735147
-0.757479
1.822486
1.883671
-2.898952
-3.735147
-0.849257
1.822486
1.883671
-2.878557
-3.735147
-0.890047
1.822486
1.883671
-2.858162
-3.735147
-0.951232
1.812289
1.883671
-2.837767
-3.735147
-1.002219
1.812289
1.893868
-2.817372
-3.735147
-1.043009
1.812289
1.883671
-2.807175
-3.735147
-1.063404
1.802091
1.883671
-2.796977
-3.735147
-1.104194
1.812289
1.883671
-2.786780
-3.735147
-1.104194
1.812289
1.883671
-2.776582
-3.735147
-1.165379
1.802091
1.883671
-2.756187
-3.735147
-1.216366
1.802091
1.883671
-2.725595
-3.735147
-1.277551
1.802091
1.883671
-2.705200
-3.735147
-1.318341
1.802091
1.883671
-2.705200
-3.724949
-1.318341
1.791894
1.883671
-2.674607
-3.735147
-1.359131
1.791894
1.883671
-2.664410
-3.735147
-1.348934
1.791894
1.883671
-2.674607
-3.735147
-1.410119
1.791894
1.883671
-2.654212
-3.735147
-1.430514
1.791894
1.883671
-2.644015
-3.724949
-1.450909
1.791894
1.883671
-2.633818
-3.735147
-1.461106
1.791894
1.883671
-2.633818
-3.735147
-1.471304
1.791894
1.883671
-2.623620
-3.724949
-1.501896
1.791894
1.883671
-2.623620
-3.724949
-1.542686
1.781696
1.883671
-2.582830
-3.735147
-1.593673
1.781696
1.883671
-2.582830
-3.724949
-1.603871
1.781696
1.883671
-2.552238
-3.724949
-1.654858
1.781696
1.883671
-2.542040
-3.724949
-1.705846
1.781696
1.883671
-2.511448
-3.724949
-1.736438
1.781696
1.883671
-2.521645
-3.724949
-1.736438
1.781696
1.883671
-2.491053
-3.724949
-1.787426
1.781696
1.883671
-2.470658
-3.724949
-1.848611
1.771499
1.883671
-2.450263
-3.724949
-1.889401
1.781696
1.883671
-2.440065
-3.724949
-1.899598
1.771499
1.883671
-2.419670
-3.724949
-1.940388
1.771499
1.883671
-2.389078
-3.724949
-2.011771
1.771499
1.883671
-2.378880
-3.724949
-2.032166
1.761301
1.883671
-2.378880
-3.724949
-2.042363
1.761301
1.883671
-2.348288
-3.724949
-2.083153
1.761301
1.883671
-2.338090
-3.724949
-2.154535
1.761301
1.883671
-2.307498
-3.724949
-2.164733
1.761301
1.883671
-2.297300
-3.724949
-2.195325
1.761301
1.883671
-2.297300
-3.724949
-2.195325
1.751104
1.883671
-2.276905
-3.724949
-2.236115
1.751104
1.883671
-2.266708
-3.724949
-2.266708
1.751104
1.883671
-2.256510
-3.724949
-2.287103
1.740906
1.883671
-2.225918
-3.724949
-2.338090
1.740906
1.883671
-2.225918
-3.724949
-2.327893
1.740906
1.883671
-2.205523
-3.714752
-2.368683
1.740906
1.883671
-2.174930
-3.724949
-2.429868
1.740906
1.883671
-2.144338
-3.724949
-2.470658
1.740906
1.883671
-2.134140
-3.714752
-2.480855
1.740906
1.883671
-2.123943
-3.714752
-2.521645
1.740906
1.883671
-2.113745
-3.714752
-2.542040
1.740906
1.883671
-2.072956
-3.714752
-2.603225
1.730709
1.883671
-2.062758
-3.704554
-2.613423
1.730709
1.883671
-2.032166
-3.714752
-2.664410
1.730709
1.883671
-2.032166
-3.714752
-2.674607
1.730709
1.883671
-1.991376
-3.714752
-2.735792
1.720511
1.883671
-1.970981
-3.714752
-2.756187
1.720511
1.883671
-1.940388
-3.704554
-2.817372
1.730709
1.883671
-1.909796
-3.704554
-2.858162
1.710314
1.893868
-1.858808
-3.704554
-2.919347
1.710314
1.883671
-1.838413
-3.704554
-2.970335
1.700116
1.893868
-1.787426
-3.704554
-2.990730
1.700116
1.883671
-1.736438
-3.704554
-3.051915
1.700116
