-2.847965
-3.051915
-0.349580
1.292217
-0.318987
-2.868360
-3.031520
-0.298592
1.282019
-0.380172
-2.909150
-3.000927
-0.257802
1.292217
-0.390369
-2.919347
-2.990730
-0.227210
1.282019
-0.431159
-2.939742
-2.960137
-0.196617
1.282019
-0.461752
-2.960137
-2.949940
-0.155827
1.282019
-0.502542
-2.990730
-2.919347
-0.104840
1.271822
-0.553529
-3.011125
-2.878557
-0.064050
1.271822
-0.584122
-3.041717
-2.858162
-0.013062
1.261624
-0.614714
-3.041717
-2.837767
-0.002865
1.251427
-0.645307
-3.062112
-2.807175
0.027728
1.251427
-0.686097
-3.082507
-2.786780
0.068518
1.241229
-0.726887
-3.113100
-2.745990
0.119505
1.231032
-0.767677
-3.123297
-2.725595
0.139900
1.231032
-0.788072
-3.133495
-2.715397
0.170493
1.210637
-0.828862
-3.153890
-2.664410
0.211282
1.210637
-0.869652
-3.164087
-2.644015
0.231677
1.200439
-0.900244
-3.184482
-2.623620
0.262270
1.190242
-0.910442
-3.194680
-2.603225
0.303060
1.180044
-0.961429
-3.204877
-2.562435
0.323455
1.169847
-0.992021
-3.225272
-2.542040
0.354047
1.169847
-1.022614
-3.235469
-2.511448
0.374442
1.159649
-1.032811
-3.235469
-2.480855
0.394837
1.129057
-1.073601
-3.266062
-2.470658
0.445825
1.129057
-1.114391
-3.276259
-2.429868
0.456022
1.108662
-1.144984
-3.276259
-2.399275
0.496812
1.098464
-1.175576
-3.286457
-2.378880
0.507010
1.088267
-1.206169
-3.306852
-2.348288
0.547800
1.078069
-1.246959
-3.306852
-2.317695
0.568195
1.057674
-1.277551
-3.317049
-2.287103
0.598787
1.047477
-1.297946
-3.327247
-2.256510
0.619182
1.027082
-1.328539
-3.337444
-2.236115
0.639577
1.027082
-1.359131
-3.337444
-2.205523
0.659972
0.996489
-1.389724
-3.347642
-2.174930
0.680367
0.996489
-1.410119
-3.357839
-2.134140
0.710960
0.965897
-1.450909
-3.357839
-2.103548
0.741552
0.945502
-1.501896
-3.368037
-2.062758
0.761947
0.935304
-1.522291
-3.378234
-2.021968
0.792539
0.894514
-1.563081
-3.378234
-1.991376
0.812934
0.894514
-1.583476
-3.378234
-1.950586
0.833329
0.863922
-1.624266
-3.388432
-1.919993
0.863922
0.853724
-1.665056
-3.398629
-1.889401
0.874119
0.833329
-1.685451
-3.398629
-1.858808
0.894514
0.812934
-1.726241
-3.398629
-1.828216
0.904712
0.782342
-1.756833
-3.408827
-1.797623
0.925107
0.782342
-1.767031
-3.398629
-1.756833
0.945502
0.751749
-1.818018
-3.408827
-1.726241
0.965897
0.731355
-1.848611
-3.408827
-1.685451
0.986292
0.710960
-1.869006
-3.408827
-1.654858
0.996489
0.690565
-1.899598
-3.408827
-1.624266
1.006687
0.659972
-1.930191
-3.408827
-1.583476
1.037279
0.649775
-1.960783
-3.408827
-1.552883
1.047477
0.629380
-1.981178
-3.408827
-1.542686
1.057674
0.608985
-2.011771
-3.398629
-1.491699
1.078069
0.568195
-2.032166
-3.398629
-1.471304
1.088267
0.568195
-2.062758
-3.398629
-1.420316
1.088267
0.527405
-2.093350
-3.398629
-1.399921
1.118859
0.507010
-2.123943
-3.388432
-1.348934
1.129057
0.476417
-2.154535
-3.388432
-1.328539
1.129057
0.466220
-2.174930
-3.378234
-1.297946
1.149452
0.435627
-2.215720
-3.378234
-1.257156
1.149452
0.405035
-2.225918
-3.368037
-1.226564
1.169847
0.394837
-2.256510
-3.357839
-1.195971
1.180044
0.364245
-2.287103
-3.357839
-1.155181
1.190242
0.333652
-2.317695
-3.347642
-1.104194
1.200439
0.303060
-2.348288
-3.337444
-1.063404
1.210637
0.282665
-2.368683
-3.337444
-1.043009
1.210637
0.262270
-2.389078
-3.317049
-1.012416
1.220834
0.231677
-2.429868
-3.317049
-0.961429
1.231032
0.201085
-2.440065
-3.296654
-0.961429
1.231032
0.180690
-2.470658
-3.296654
-0.910442
1.241229
0.150098
-2.491053
-3.286457
-0.879849
1.251427
0.119505
-2.531843
-3.276259
-0.828862
1.251427
0.099110
-2.542040
-3.255864
-0.808467
1.261624
0.058320
-2.572633
-3.245667
-0.767677
1.261624
0.048123
-2.593028
-3.235469
-0.747282
1.271822
0.007333
-2.613423
-3.225272
-0.706492
1.271822
-0.013062
-2.633818
-3.204877
-0.665702
1.282019
-0.043655
-2.664410
-3.194680
-0.635109
1.282019
-0.064050
-2.684805
-3.174285
-0.594319
1.282019
-0.094642
-2.705200
-3.164087
-0.573924
1.282019
-0.115037
-2.725595
-3.153890
-0.522937
1.292217
-0.166025
-2.756187
-3.133495
-0.502542
1.292217
-0.186420
-2.776582
-3.113100
-0.471949
1.292217
-0.217012
-2.796977
-3.102902
-0.431159
1.292217
-0.237407
-2.807175
-3.082507
-0.400567
1.292217
-0.278197
-2.827570
-3.062112
-0.359777
1.292217
-0.308790
-2.858162
-3.051915
-0.329185
1.282019
-0.339382
-2.888755
-3.031520
-0.298592
1.292217
-0.380172
-2.888755
-3.011125
-0.268000
1.282019
-0.390369
-2.919347
-2.990730
-0.237407
1.282019
-0.420962
-2.929545
-2.970335
-0.206815
1.282019
-0.451554
-2.949940
-2.949940
-0.166025
1.282019
-0.492344
-2.980532
-2.929545
-0.135432
1.282019
-0.512739
-2.990730
-2.909150
-0.115037
1.271822
-0.522937
-3.000927
-2.888755
-0.074247
1.271822
-0.584122
-3.021322
-2.868360
-0.043655
1.271822
-0.594319
-3.041717
-2.847965
-0.013062
1.251427
-0.645307
-3.051915
-2.817372
0.017530
1.251427
-0.665702
-3.072310
-2.796977
0.048123
1.251427
-0.706492
-3.092705
-2.776582
0.088913
1.241229
-0.726887
-3.113100
-2.756187
0.109308
1.231032
-0.757479
-3.123297
-2.745990
0.119505
1.220834
-0.788072
-3.133495
-2.705200
0.170493
1.210637
-0.828862
-3.153890
-2.664410
0.211282
1.210637
-0.869652
-3.174285
-2.644015
0.241875
1.190242
-0.910442
-3.194680
-2.613423
0.272467
1.190242
-0.930837
-3.204877
-2.593028
0.303060
1.169847
-0.971626
-3.215075
-2.552238
0.333652
1.159649
-0.992021
-3.235469
-2.542040
0.364245
1.159649
-1.022614
-3.235469
-2.511448
0.384640
1.149452
-1.043009
-3.245667
-2.480855
0.425430
1.139254
-1.093996
-3.266062
-2.460460
0.435627
1.118859
-1.124589
-3.276259
-2.419670
0.476417
1.108662
-1.175576
-3.286457
-2.378880
0.507010
1.078069
-1.216366
-3.306852
-2.338090
0.547800
1.067872
-1.246959
-3.306852
-2.317695
0.557997
1.057674
-1.277551
-3.317049
-2.276905
0.608985
1.037279
-1.318341
-3.327247
-2.236115
0.629380
1.027082
-1.338736
-3.337444
-2.215720
0.649775
1.006687
-1.379526
-3.347642
-2.174930
0.670170
0.996489
-1.389724
-3.357839
-2.154535
0.700762
0.976094
-1.450909
-3.357839
-2.113745
0.721157
0.965897
-1.450909
-3.357839
-2.093350
0.751749
0.935304
-1.501896
-3.368037
-2.052561
0.761947
0.925107
-1.532488
-3.378234
-2.021968
0.802737
0.914909
-1.552883
-3.378234
-1.991376
0.802737
0.894514
-1.583476
-3.388432
-1.960783
0.833329
0.874119
-1.614068
-3.388432
-1.930191
0.853724
0.863922
-1.644661
-3.398629
-1.909796
0.863922
0.833329
-1.685451
-3.398629
-1.869006
0.884317
0.823132
-1.685451
-3.398629
-1.848611
0.904712
0.792539
-1.736438
-3.408827
-1.797623
0.925107
0.782342
-1.767031
-3.408827
-1.777228
0.945502
0.761947
-1.807821
-3.408827
-1.736438
0.965897
0.741552
-1.828216
-3.408827
-1.716043
0.976094
0.710960
-1.869006
-3.408827
-1.665056
0.996489
0.690565
-1.889401
-3.408827
-1.644661
0.996489
0.670170
-1.919993
-3.408827
-1.614068
1.027082
0.659972
-1.930191
-3.398629
-1.563081
1.037279
0.629380
-1.970981
-3.408827
-1.542686
1.057674
0.608985
-2.001573
-3.398629
-1.512094
1.067872
0.588590
-2.032166
-3.398629
-1.471304
1.078069
0.557997
-2.052561
-3.398629
-1.440711
1.088267
0.537602
-2.093350
-3.388432
-1.399921
1.108662
0.517207
-2.103548
-3.398629
-1.379526
1.118859
0.496812
-2.144338
-3.378234
-1.328539
1.129057
0.466220
-2.164733
-3.378234
-1.308144
1.149452
0.445825
-2.205523
-3.378234
-1.257156
1.149452
0.425430
-2.225918
-3.368037
-1.236761
1.159649
0.394837
-2.266708
-3.357839
-1.195971
1.169847
0.374442
-2.276905
-3.357839
-1.165379
1.190242
0.343850
-2.307498
-3.347642
-1.124589
1.200439
0.313257
-2.327893
-3.347642
-1.093996
1.210637
0.292862
-2.358485
-3.327247
-1.043009
1.220834
0.262270
-2.389078
-3.327247
-1.012416
1.220834
0.231677
-2.419670
-3.306852
-0.971626
1.231032
0.190887
-2.460460
-3.296654
-0.910442
1.241229
0.150098
-2.491053
-3.286457
-0.879849
1.251427
0.119505
-2.531843
-3.266062
-0.828862
1.261624
0.078715
-2.552238
-3.255864
-0.798269
1.261624
0.058320
-2.562435
-3.245667
-0.767677
1.271822
0.027728
-2.613423
-3.225272
-0.706492
1.271822
-0.023260
-2.633818
-3.215075
-0.675899
1.282019
-0.043655
-2.664410
-3.194680
-0.624912
1.282019
-0.094642
-2.695002
-3.174285
-0.594319
1.292217
-0.104840
-2.715397
-3.153890
-0.553529
1.292217
-0.145630
-2.745990
-3.133495
-0.502542
1.292217
-0.186420
-2.766385
-3.123297
-0.482147
1.292217
-0.196617
-2.786780
-3.113100
-0.431159
1.292217
-0.247605
-2.817372
-3.082507
-0.410764
1.292217
-0.268000
-2.837767
-3.051915
-0.359777
1.292217
-0.318987
-2.868360
-3.041717
-0.318987
1.292217
-0.339382
-2.878557
-3.021322
-0.288395
1.292217
-0.380172
-2.909150
-3.000927
-0.247605
1.292217
-0.400567
-2.919347
-2.980532
-0.227210
1.282019
-0.441357
-2.939742
-2.960137
-0.196617
1.282019
-0.471949
-2.949940
-2.949940
-0.166025
1.282019
-0.492344
-2.980532
-2.919347
-0.115037
1.271822
-0.543332
-3.000927
-2.898952
-0.094642
1.271822
-0.563727
-3.011125
-2.878557
-0.074247
1.271822
-0.573924
-3.031520
-2.868360
-0.033457
1.261624
-0.624912
-3.051915
-2.827570
0.007333
1.251427
-0.655504
-3.062112
-2.817372
0.027728
1.251427
-0.675899
-3.082507
-2.786780
0.058320
1.251427
-0.706492
-3.092705
-2.756187
0.099110
1.231032
-0.757479
-3.123297
-2.725595
0.150098
1.220834
-0.808467
-3.143692
-2.705200
0.180690
1.220834
-0.818664
-3.143692
-2.664410
0.211282
1.210637
-0.859454
-3.164087
-2.644015
0.241875
1.200439
-0.900244
-3.184482
-2.623620
0.262270
1.190242
-0.910442
-3.194680
-2.603225
0.292862
1.180044
-0.941034
-3.204877
-2.572633
0.313257
1.169847
-0.981824
-3.225272
-2.542040
0.354047
1.159649
-1.022614
-3.235469
-2.501250
0.384640
1.149452
-1.043009
-3.245667
-2.491053
0.405035
1.139254
-1.073601
-3.245667
-2.460460
0.435627
1.129057
-1.114391
-3.276259
-2.429868
0.466220
1.118859
-1.144984
-3.276259
-2.399275
0.486615
1.098464
-1.175576
-3.286457
-2.378880
0.527405
1.088267
-1.206169
-3.296654
-2.338090
0.547800
1.078069
-1.226564
-3.306852
-2.327893
0.568195
1.057674
-1.267354
-3.317049
-2.287103
0.588590
1.047477
-1.287749
-3.317049
-2.266708
0.608985
1.037279
-1.308144
-3.327247
-2.256510
0.629380
1.027082
-1.359131
-3.337444
