-3.694357
1.832684
1.822486
1.812289
-3.704554
-3.694357
1.832684
1.832684
1.822486
-3.694357
-3.694357
1.832684
1.832684
1.822486
-3.704554
-3.694357
1.832684
1.822486
1.822486
-3.694357
-3.694357
1.832684
1.822486
1.822486
-3.704554
-3.694357
1.832684
1.832684
1.822486
-3.704554
-3.704554
1.832684
1.822486
1.822486
-3.704554
-3.704554
1.832684
1.822486
1.822486
-3.704554
-3.694357
1.842881
1.822486
1.822486
-3.704554
-3.694357
1.842881
1.822486
1.822486
-3.704554
-3.694357
1.832684
1.822486
1.822486
-3.704554
-3.694357
1.832684
1.832684
1.822486
-3.704554
-3.694357
1.842881
1.832684
1.822486
-3.704554
-3.694357
1.842881
1.822486
1.822486
-3.704554
-3.694357
1.832684
1.822486
1.822486
-3.704554
-3.704554
1.842881
1.822486
1.822486
-3.704554
-3.694357
1.832684
1.832684
1.822486
-3.694357
-3.694357
1.832684
1.822486
1.822486
-3.704554
-3.694357
1.842881
1.822486
1.822486
-3.704554
-3.694357
1.832684
1.832684
1.822486
-3.704554
-3.694357
1.832684
1.832684
1.822486
-3.704554
-3.694357
1.832684
1.832684
1.822486
-3.704554
-3.694357
1.832684
1.832684
1.822486
-3.704554
-3.694357
1.802091
1.822486
1.822486
-3.704554
-3.694357
-3.561789
1.832684
1.822486
-3.704554
-3.694357
-3.673962
1.832684
1.822486
-3.704554
-3.704554
-3.684159
1.832684
1.822486
-3.704554
-3.694357
-3.694357
1.832684
1.822486
-3.704554
-3.694357
-3.694357
1.822486
1.822486
-3.704554
-3.704554
-3.694357
1.832684
1.822486
-3.704554
-3.694357
-3.694357
1.832684
1.822486
-3.704554
-3.704554
-3.694357
1.832684
1.832684
-3.704554
-3.694357
-3.694357
1.832684
1.822486
-3.704554
-3.694357
-3.694357
1.832684
1.822486
-3.704554
-3.704554
-3.694357
1.832684
1.822486
-3.704554
-3.704554
-3.694357
1.832684
1.822486
-3.704554
-3.704554
-3.694357
1.832684
1.822486
-3.704554
-3.694357
-3.694357
1.832684
1.822486
-3.490407
-3.704554
-3.694357
1.832684
1.822486
1.771499
-3.694357
-3.694357
1.832684
1.822486
1.812289
-3.704554
-3.694357
1.832684
1.832684
1.822486
-3.704554
-3.694357
1.832684
1.822486
1.822486
-3.704554
-3.694357
1.832684
1.822486
1.822486
-3.704554
-3.694357
1.832684
1.822486
1.822486
-3.704554
-3.694357
1.832684
1.822486
1.822486
-3.704554
-3.694357
1.832684
1.822486
1.822486
-3.704554
-3.694357
1.832684
1.822486
1.822486
-3.704554
-3.694357
1.842881
1.822486
1.822486
-3.704554
-3.694357
1.832684
1.822486
1.822486
-3.704554
-3.694357
1.832684
1.822486
1.822486
-3.704554
-3.694357
1.832684
1.822486
1.822486
-3.704554
-3.694357
1.832684
1.822486
1.822486
-3.704554
-3.694357
1.832684
1.832684
1.822486
-3.704554
-3.694357
1.832684
1.832684
1.822486
-3.704554
-3.704554
1.832684
1.822486
1.822486
-3.704554
-3.694357
1.832684
1.822486
1.822486
-3.704554
-3.694357
1.842881
1.832684
1.822486
-3.704554
-3.694357
1.842881
1.822486
1.822486
-3.704554
-3.694357
1.832684
1.822486
1.822486
-3.704554
-3.694357
1.832684
1.832684
1.822486
-3.704554
-3.694357
1.832684
1.822486
1.832684
-3.704554
-3.694357
1.832684
1.822486
1.822486
-3.704554
-3.694357
1.751104
1.832684
1.822486
-3.704554
-3.704554
-3.612777
1.832684
1.822486
-3.704554
-3.704554
-3.684159
1.822486
1.822486
-3.704554
-3.694357
-3.694357
1.832684
1.822486
-3.704554
-3.704554
-3.694357
1.832684
1.822486
-3.704554
-3.694357
-3.694357
1.832684
1.822486
-3.704554
-3.694357
-3.694357
1.832684
1.822486
-3.704554
-3.694357
-3.694357
1.832684
1.822486
-3.704554
-3.694357
-3.694357
1.832684
1.822486
-3.704554
-3.694357
-3.694357
1.832684
1.832684
-3.704554
-3.694357
-3.694357
1.832684
1.822486
-3.704554
-3.694357
-3.694357
1.822486
1.822486
-3.704554
-3.704554
-3.694357
1.832684
1.822486
-3.704554
-3.704554
-3.694357
1.832684
1.822486
-3.673962
-3.704554
-3.694357
1.832684
1.822486
1.740906
-3.694357
-3.694357
1.832684
1.822486
1.802091
-3.704554
-3.694357
1.832684
1.822486
1.812289
-3.704554
-3.694357
1.832684
1.822486
1.822486
-3.704554
-3.694357
1.832684
1.822486
1.822486
-3.704554
-3.694357
1.832684
1.822486
1.822486
-3.694357
-3.694357
1.832684
1.822486
1.822486
-3.704554
-3.694357
1.842881
1.832684
1.822486
-3.704554
-3.694357
1.832684
1.822486
1.822486
-3.704554
-3.694357
1.832684
1.822486
1.822486
-3.704554
-3.694357
1.842881
1.822486
1.822486
-3.704554
-3.694357
1.832684
1.822486
1.822486
-3.704554
-3.694357
1.842881
1.822486
1.822486
-3.704554
-3.694357
1.842881
1.832684
1.822486
-3.704554
-3.694357
1.832684
1.822486
1.822486
-3.704554
-3.694357
1.832684
1.832684
1.822486
-3.704554
-3.694357
1.832684
1.832684
1.822486
-3.704554
-3.704554
1.842881
1.822486
1.822486
-3.704554
-3.694357
1.832684
1.822486
1.822486
-3.704554
-3.694357
1.842881
1.822486
1.822486
-3.704554
-3.694357
1.842881
1.822486
1.822486
-3.704554
-3.694357
1.832684
1.822486
1.822486
-3.704554
-3.704554
1.832684
1.832684
1.822486
-3.704554
-3.694357
1.842881
1.832684
1.822486
-3.704554
-3.694357
1.832684
1.832684
1.822486
-3.704554
-3.694357
1.434981
1.832684
1.822486
-3.704554
-3.694357
-3.653567
1.832684
1.822486
-3.704554
-3.694357
-3.684159
1.832684
1.822486
-3.704554
-3.694357
-3.684159
1.832684
1.822486
-3.704554
-3.694357
-3.694357
1.832684
1.822486
-3.704554
-3.694357
-3.694357
1.832684
1.822486
-3.704554
-3.694357
-3.694357
1.832684
1.822486
-3.704554
-3.694357
-3.694357
1.832684
1.832684
-3.704554
-3.694357
-3.694357
1.832684
1.822486
-3.714752
-3.694357
-3.694357
1.832684
1.822486
-3.704554
-3.704554
-3.694357
1.832684
1.822486
-3.704554
-3.704554
-3.694357
1.832684
1.822486
-3.704554
-3.704554
-3.694357
1.832684
1.832684
-3.704554
-3.694357
-3.694357
1.832684
1.822486
-3.612777
-3.704554
-3.694357
1.832684
1.832684
1.771499
-3.704554
-3.694357
1.832684
1.822486
1.812289
-3.704554
-3.694357
1.832684
1.832684
1.812289
-3.704554
-3.694357
1.832684
1.822486
1.822486
-3.694357
-3.694357
1.832684
1.822486
1.822486
-3.694357
-3.694357
1.832684
1.822486
1.822486
-3.704554
-3.694357
1.832684
1.822486
1.822486
-3.704554
-3.694357
1.832684
1.822486
1.822486
-3.704554
-3.694357
1.832684
1.822486
1.822486
-3.704554
-3.694357
1.832684
1.832684
1.822486
-3.694357
-3.694357
1.832684
1.822486
1.822486
-3.704554
-3.694357
1.832684
1.822486
1.822486
-3.704554
-3.694357
1.832684
1.822486
1.822486
-3.704554
-3.694357
1.832684
1.822486
1.822486
-3.704554
-3.704554
1.832684
1.832684
1.822486
-3.704554
-3.694357
1.842881
1.822486
1.822486
-3.704554
-3.694357
1.842881
1.822486
1.822486
-3.704554
-3.694357
1.832684
1.822486
1.822486
-3.704554
-3.694357
1.832684
1.822486
1.822486
-3.704554
-3.704554
1.842881
1.822486
1.822486
-3.704554
-3.704554
1.842881
1.832684
1.822486
-3.704554
-3.704554
1.842881
1.832684
1.822486
-3.704554
-3.694357
1.832684
1.822486
1.822486
-3.704554
-3.694357
1.832684
1.832684
1.822486
-3.704554
-3.704554
1.832684
1.832684
1.822486
-3.704554
-3.694357
1.832684
1.822486
1.822486
-3.704554
-3.694357
1.210637
1.832684
1.822486
-3.704554
-3.694357
-3.653567
1.832684
1.822486
-3.704554
-3.694357
-3.684159
1.832684
1.822486
-3.704554
-3.704554
-3.694357
1.832684
1.822486
-3.704554
-3.694357
-3.694357
1.832684
1.822486
-3.704554
-3.704554
-3.694357
1.832684
1.822486
-3.704554
-3.694357
-3.694357
1.832684
1.822486
-3.704554
-3.694357
-3.694357
1.832684
1.822486
-3.704554
-3.694357
-3.694357
1.832684
1.832684
-3.704554
-3.694357
-3.694357
1.822486
1.822486
-3.704554
-3.694357
-3.694357
1.832684
1.822486
-3.704554
-3.694357
-3.694357
1.832684
1.822486
-3.704554
-3.704554
-3.694357
1.832684
1.822486
-3.704554
-3.694357
-3.694357
1.832684
1.832684
-3.684159
-3.694357
-3.694357
1.832684
1.822486
1.700116
-3.694357
-3.694357
1.832684
1.822486
1.802091
-3.694357
-3.694357
1.832684
1.822486
1.812289
-3.694357
-3.694357
1.832684
1.822486
1.822486
-3.704554
-3.694357
1.832684
1.832684
1.822486
-3.694357
-3.694357
1.832684
1.822486
1.822486
-3.704554
-3.694357
1.832684
1.822486
1.822486
-3.704554
-3.694357
1.832684
1.822486
1.822486
-3.704554
-3.694357
1.832684
1.822486
1.822486
-3.704554
-3.694357
1.832684
1.822486
1.822486
-3.704554
-3.704554
1.832684
1.822486
1.822486
-3.704554
-3.694357
1.842881
1.822486
1.822486
-3.704554
-3.694357
1.832684
1.822486
1.822486
-3.704554
-3.694357
1.832684
1.832684
1.822486
-3.704554
-3.694357
1.832684
1.822486
1.822486
-3.704554
-3.694357
1.832684
1.822486
1.822486
-3.704554
-3.694357
1.832684
1.822486
1.822486
-3.704554
-3.694357
1.832684
1.822486
1.822486
-3.704554
-3.694357
1.842881
1.822486
1.822486
-3.704554
-3.694357
1.832684
1.832684
1.822486
-3.704554
-3.704554
1.832684
1.822486
1.822486
-3.704554
-3.694357
1.832684
1.832684
1.822486
-3.704554
-3.704554
1.832684
1.832684
1.822486
-3.704554
-3.704554
1.832684
1.822486
1.822486
-3.704554
-3.704554
1.832684
1.832684
1.822486
-3.704554
-3.694357
1.812289
1.832684
1.822486
-3.704554
-3.694357
-3.520999
1.822486
1.822486
-3.704554
-3.694357
-3.663764
1.832684
1.822486
-3.704554
-3.704554
-3.684159
1.832684
1.822486
-3.704554
-3.694357
-3.694357
1.822486
1.822486
-3.704554
-3.704554
-3.694357
1.832684
1.822486
-3.704554
-3.704554
-3.694357
1.822486
1.822486
-3.704554
-3.704554
-3.694357
1.832684
1.822486
-3.704554
-3.694357
-3.694357
1.832684
1.822486
-3.704554
-3.704554
-3.694357
1.832684
1.822486
-3.704554
-3.694357
-3.694357
1.822486
1.822486
-3.704554
-3.704554
-3.694357
1.822486
1.822486
-3.704554
-3.704554
-3.694357
1.832684
1.822486
-3.704554
-3.704554
-3.694357
1.832684
1.822486
-3.704554
-3.704554
-3.694357
1.822486
1.822486
-3.684159
-3.704554
-3.694357
1.832684
1.822486
0.231677
-3.704554
-3.694357
1.832684
1.822486
1.802091
-3.694357
-3.704554
1.832684
1.822486
1.812289
-3.704554
-3.694357
1.832684
1.822486
1.822486
-3.704554
-3.694357
1.832684
1.822486
1.822486
-3.694357
-3.694357
1.832684
1.822486
1.822486
-3.704554
-3.694357
1.832684
1.822486
1.822486
-3.704554
-3.694357
1.832684
1.822486
1.822486
-3.704554
-3.694357
1.832684
1.822486
1.822486
