11.980000
12.000000
12.000000
12.110000
12.000000
12.000000
12.000000
12.110000
12.000000
12.000000
12.000000
12.110000
12.110000
12.000000
12.000000
12.110000
12.110000
12.000000
12.000000
12.000000
12.110000
12.000000
12.000000
12.000000
12.110000
12.000000
12.000000
12.000000
12.110000
12.000000
11.980000
12.000000
12.110000
12.000000
12.000000
12.000000
12.110000
12.110000
12.000000
12.000000
12.110000
12.110000
12.000000
12.000000
12.000000
12.110000
12.000000
12.000000
11.980000
12.110000
12.000000
12.000000
12.000000
12.110000
12.440000
12.440000
12.000000
12.540000
12.110000
12.000000
12.440000
12.000000
12.110000
12.000000
12.000000
12.440000
12.560000
12.440000
12.000000
12.440000
12.540000
12.110000
12.000000
12.440000
12.440000
12.540000
12.000000
12.000000
12.440000
12.110000
12.110000
12.440000
12.000000
12.440000
12.110000
12.000000
12.000000
12.000000
12.110000
12.000000
12.000000
12.000000
12.110000
11.980000
12.000000
11.980000
12.110000
12.110000
12.000000
12.000000
12.110000
12.110000
12.000000
12.440000
12.000000
12.110000
12.000000
12.000000
12.440000
13.050000
13.050000
12.940000
12.940000
12.920000
12.540000
12.540000
12.440000
12.440000
12.440000
12.540000
12.920000
12.440000
12.440000
12.920000
12.540000
12.440000
12.000000
12.000000
12.110000
12.110000
12.000000
12.000000
12.110000
12.540000
12.000000
12.000000
12.000000
12.110000
12.000000
12.000000
12.000000
12.110000
12.440000
12.920000
12.940000
12.000000
12.110000
12.000000
12.000000
12.000000
