21.960000
21.850000
21.960000
21.960000
21.830000
21.960000
21.960000
21.940000
21.960000
21.960000
21.960000
21.830000
21.960000
21.960000
21.850000
21.960000
21.960000
21.960000
21.960000
21.960000
21.960000
21.850000
21.960000
21.960000
21.850000
21.960000
21.960000
21.960000
21.960000
21.960000
21.960000
21.850000
21.940000
21.960000
21.850000
21.960000
21.960000
21.960000
21.960000
21.960000
21.960000
21.830000
21.960000
21.960000
21.830000
21.960000
21.940000
21.960000
21.960000
21.960000
21.960000
21.850000
21.960000
21.960000
21.850000
21.960000
21.960000
21.960000
21.960000
21.940000
21.960000
21.830000
21.960000
21.960000
21.850000
21.960000
21.960000
21.960000
21.960000
21.960000
21.960000
21.850000
21.960000
21.960000
21.850000
21.960000
21.960000
21.960000
21.960000
21.960000
21.960000
21.830000
21.960000
21.960000
21.850000
21.940000
21.960000
21.960000
21.940000
21.960000
21.960000
21.850000
21.940000
21.960000
21.830000
21.960000
21.960000
21.960000
21.960000
21.960000
21.940000
21.830000
21.940000
21.960000
21.830000
21.960000
21.960000
21.960000
21.960000
21.960000
21.960000
21.850000
21.960000
21.940000
21.830000
21.960000
21.960000
21.960000
21.940000
21.940000
21.960000
21.850000
21.940000
21.960000
21.850000
21.960000
21.960000
21.960000
21.960000
21.960000
21.960000
21.830000
21.960000
21.960000
21.830000
21.960000
21.960000
21.960000
21.960000
21.960000
21.960000
21.850000
21.960000
21.960000
21.850000
21.960000
21.960000
21.960000
21.960000
21.940000
