32.420000
32.310000
32.290000
32.290000
32.290000
32.290000
32.290000
32.400000
32.290000
32.290000
32.290000
32.290000
32.290000
32.290000
32.400000
32.400000
32.290000
32.290000
32.290000
32.290000
32.290000
32.400000
32.400000
32.290000
32.290000
32.290000
32.290000
32.290000
32.290000
32.400000
32.420000
32.290000
32.290000
32.290000
32.290000
32.290000
32.400000
32.400000
32.290000
32.290000
32.290000
32.290000
32.290000
32.290000
32.400000
32.310000
32.290000
32.290000
32.290000
32.290000
32.290000
32.400000
32.400000
32.290000
32.290000
32.290000
32.290000
32.270000
32.400000
32.400000
32.290000
32.290000
32.290000
32.290000
32.290000
32.290000
32.400000
32.400000
32.290000
32.290000
32.290000
32.290000
32.290000
32.400000
32.400000
32.290000
32.290000
32.290000
32.290000
32.290000
32.290000
32.400000
32.290000
32.290000
32.290000
32.290000
32.290000
32.290000
32.400000
32.400000
32.290000
32.290000
32.290000
32.290000
32.290000
32.400000
32.400000
32.290000
32.290000
32.270000
32.270000
32.290000
32.270000
32.400000
32.400000
32.290000
32.290000
32.290000
32.290000
32.290000
32.400000
32.400000
32.290000
32.290000
32.290000
32.290000
32.290000
32.290000
32.400000
32.290000
32.290000
32.290000
32.290000
32.270000
32.290000
32.400000
32.400000
32.290000
32.290000
32.290000
32.290000
32.290000
32.420000
32.400000
32.290000
32.290000
32.290000
32.290000
32.290000
32.290000
32.400000
32.360000
32.290000
32.290000
32.290000
32.290000
32.290000
32.400000
32.400000
32.290000
